1
 *****************************************************************************************************************************
 *****************************************************************************************************************************
 **************************************************                         **************************************************
 **************************************************          GOSIA          **************************************************
 **************************************************                         **************************************************
 *****************************************************************************************************************************
 *****************************************************************************************************************************





                    ROCHESTER COULOMB EXCITATION DATA ANALYSIS CODE BY T.CZOSNYKA,D.CLINE AND C.Y.WU
                                                  LATEST REVISION- JUNE  2006






          DETECTOR  1


     K=1  C1=  0.988617E+00  C2=  0.232065E-01
     ENERGY(MEV)     FITTED QK     CALC.QK     PC.DIFF.

        0.05         0.9869        0.9869     0.11E-13
        0.06         0.9869        0.9869    -0.22E-02
        0.08         0.9870        0.9870    -0.47E-02
        0.10         0.9871        0.9871    -0.53E-02
        0.15         0.9874        0.9874     0.11E-13
        0.20         0.9877        0.9876     0.99E-02
        0.30         0.9882        0.9879     0.22E-01
        0.50         0.9884        0.9882     0.26E-01
        1.00         0.9886        0.9885     0.12E-01
        1.50         0.9886        0.9886     0.00E+00


     K=2  C1=  0.966112E+00  C2=  0.232418E-01
     ENERGY(MEV)     FITTED QK     CALC.QK     PC.DIFF.

        0.05         0.9610        0.9610     0.00E+00
        0.06         0.9611        0.9611    -0.67E-02
        0.08         0.9612        0.9614    -0.14E-01
        0.10         0.9615        0.9617    -0.16E-01
        0.15         0.9626        0.9626     0.12E-13
        0.20         0.9635        0.9632     0.30E-01
        0.30         0.9647        0.9641     0.66E-01
        0.50         0.9656        0.9648     0.77E-01
        1.00         0.9660        0.9656     0.35E-01
        1.50         0.9661        0.9661     0.11E-13


     K=3  C1=  0.932999E+00  C2=  0.232955E-01
     ENERGY(MEV)     FITTED QK     CALC.QK     PC.DIFF.

        0.05         0.9231        0.9231     0.00E+00
        0.06         0.9231        0.9232    -0.13E-01
        0.08         0.9235        0.9237    -0.29E-01
        0.10         0.9240        0.9243    -0.33E-01
        0.15         0.9261        0.9261     0.12E-13
        0.20         0.9280        0.9274     0.61E-01
        0.30         0.9303        0.9291     0.13E+00
        0.50         0.9320        0.9305     0.16E+00
        1.00         0.9327        0.9321     0.71E-01
        1.50         0.9329        0.9329     0.24E-13


     K=4  C1=  0.890031E+00  C2=  0.233684E-01
     ENERGY(MEV)     FITTED QK     CALC.QK     PC.DIFF.

        0.05         0.8740        0.8740     0.00E+00
        0.06         0.8741        0.8743    -0.23E-01
        0.08         0.8746        0.8750    -0.49E-01
        0.10         0.8756        0.8761    -0.56E-01
        0.15         0.8788        0.8788     0.00E+00
        0.20         0.8819        0.8810     0.10E+00
        0.30         0.8857        0.8837     0.23E+00
        0.50         0.8884        0.8860     0.27E+00
        1.00         0.8896        0.8886     0.12E+00
        1.50         0.8899        0.8899     0.00E+00


     K=5  C1=  0.859521E+00  C2=  0.235037E-01
     ENERGY(MEV)     FITTED QK     CALC.QK     PC.DIFF.

        0.05         0.8397        0.8397     0.00E+00
        0.06         0.8398        0.8400    -0.29E-01
        0.08         0.8404        0.8409    -0.63E-01
        0.10         0.8416        0.8422    -0.71E-01
        0.15         0.8456        0.8456     0.00E+00
        0.20         0.8494        0.8483     0.13E+00
        0.30         0.8541        0.8516     0.29E+00
        0.50         0.8575        0.8545     0.34E+00
        1.00         0.8590        0.8577     0.15E+00
        1.50         0.8593        0.8593     0.00E+00


     K=6  C1=  0.778598E+00  C2=  0.235773E-01
     ENERGY(MEV)     FITTED QK     CALC.QK     PC.DIFF.

        0.05         0.7478        0.7478     0.00E+00
        0.06         0.7480        0.7484    -0.51E-01
        0.08         0.7490        0.7498    -0.11E+00
        0.10         0.7508        0.7517    -0.12E+00
        0.15         0.7570        0.7570    -0.15E-13
        0.20         0.7629        0.7611     0.23E+00
        0.30         0.7702        0.7663     0.50E+00
        0.50         0.7754        0.7708     0.59E+00
        1.00         0.7778        0.7758     0.27E+00
        1.50         0.7783        0.7783     0.14E-13


     K=7  C1=  0.712607E+00  C2=  0.237171E-01
     ENERGY(MEV)     FITTED QK     CALC.QK     PC.DIFF.

        0.05         0.6739        0.6739     0.00E+00
        0.06         0.6741        0.6745    -0.71E-01
        0.08         0.6753        0.6763    -0.15E+00
        0.10         0.6776        0.6787    -0.17E+00
        0.15         0.6854        0.6854     0.16E-13
        0.20         0.6927        0.6906     0.32E+00
        0.30         0.7020        0.6971     0.69E+00
        0.50         0.7085        0.7028     0.82E+00
        1.00         0.7116        0.7090     0.37E+00
        1.50         0.7122        0.7122     0.16E-13


     K=8  C1=  0.641637E+00  C2=  0.238840E-01
     ENERGY(MEV)     FITTED QK     CALC.QK     PC.DIFF.

        0.05         0.5951        0.5951     0.00E+00
        0.06         0.5953        0.5959    -0.95E-01
        0.08         0.5968        0.5980    -0.20E+00
        0.10         0.5995        0.6009    -0.23E+00
        0.15         0.6088        0.6088    -0.18E-13
        0.20         0.6177        0.6151     0.43E+00
        0.30         0.6288        0.6229     0.93E+00
        0.50         0.6367        0.6298     0.11E+01
        1.00         0.6404        0.6373     0.49E+00
        1.50         0.6411        0.6411     0.17E-13
               ********* END OF EXECUTION **********
