start read Ge cali data
start read Si cali data
start read Ge cali data
0 => -0.17236 0.379428 -7.2e-08
1 => 1.71203 0.356296 -1.3e-08
2 => -0.063489 0.375311 -4.2e-08
3 => -0.222027 0.357295 -3e-09
4 => -0.460336 0.392611 -8.2e-08
5 => 0 0 0
6 => -0.049177 0.367533 -3e-08
7 => -0.128646 0.329659 -2.4e-08
8 => 0 0 0
9 => 0 0 0
10 => 0 0 0
11 => 0 0 0
12 => 0 0 0
13 => 0 0 0
14 => 0 0 0
15 => 0 0 0
100 => -0.423117 0.362492 -6.5e-08
101 => -0.008966 0.398558 -5.3e-08
102 => 0 0 0
103 => -0.246744 0.408669 -3.5e-08
104 => -0.175152 0.352197 4e-09
105 => 0.028058 0.352845 -1.7e-08
106 => -0.156731 0.395392 -1.5e-08
107 => -0.140321 0.363251 -4.4e-08
108 => 0 0 0
109 => 0 0 0
110 => 0 0 0
111 => 0 0 0
112 => 0 0 0
113 => 0 0 0
114 => 0 0 0
115 => 0 0 0
200 => 0.102378 0.191109 -4e-09
201 => 0.04694 0.188375 -5e-09
202 => 0 0 0
203 => 0 0 0
204 => 0.073821 0.172739 -2e-09
205 => 0 0 0
206 => 0 0 0
207 => 0 0 0
208 => 0.01938 0.187375 -1e-09
209 => 0 0 0
210 => 0.079505 0.177941 -1e-09
211 => 0.027726 0.190055 -2e-09
212 => 0 0 0
213 => 0 0 0
214 => 0 0 0
215 => 0 0 0
300 => 0 0 0
301 => 0 0 0
302 => 0 0 0
303 => 0 0 0
304 => 0 0 0
305 => 0 0 0
306 => 0 0 0
307 => 0 0 0
308 => 0.233667 0.184428 -0
309 => 0.10494 0.183913 0
310 => -0.158845 0.181848 -2e-09
311 => -0.189252 0.190596 -3e-09
312 => 0 0 0
313 => 0 0 0
314 => 0 0 0
315 => 0 0 0
400 => 0.075034 0.184282 -5e-09
401 => 0.054468 0.236331 -1.2e-08
402 => 0.048144 0.181702 -0
403 => 0 0 0
404 => 0 0 0
405 => 0 0 0
406 => 0 0 0
407 => 0 0 0
408 => 0.248837 0.177883 -4e-09
409 => 0.121713 0.185057 -2e-09
410 => 0.096023 0.189736 -5e-09
411 => 0.120124 0.18014 -0
412 => 0 0 0
413 => 0 0 0
414 => 0 0 0
415 => 0 0 0
start read Si cali data
500 => 5.05302 1.26701
501 => 5.13748 0.976309
502 => 7.91734 0.991191
503 => 6.78065 0.960769
504 => 2.88308 0.970002
505 => 2.06498 0.994391
506 => 4.15788 1.00056
507 => 3.37868 0.980081
508 => 0 0
509 => -4.65512 0.992329
510 => 2.34978 1.00073
511 => 0.447505 0.99997
512 => 8.05838 0.974891
513 => 7.29881 1.0076
514 => 5.4706 0.978333
515 => 3.03066 0.984537
600 => 2.34469 1.02079
601 => 4.71055 1.0029
602 => 1.03574 0.965922
603 => 1.71219 0.981871
604 => 5.21454 1.01914
605 => 4.01825 1.00066
606 => 4.09422 1.00302
607 => 3.8658 0.974921
614 => 6.75084 0.977329
615 => 6.83475 0.979752
700 => 6.51727 0.974135
701 => 10.7311 0.989197
702 => 10.7409 0.997593
703 => 13.1363 0.954801
704 => 0 0
705 => 8.81383 1.00299
706 => 9.84452 0.998569
707 => 13.1828 0.966289
708 => 10.7661 0.970957
709 => 8.51145 0.97006
710 => 1.10161 0.988358
711 => 7.22541 0.670239
712 => 9.63353 1.02474
713 => 11.4613 0.987754
714 => 7.18772 0.981623
715 => 0 0
800 => 0 0
801 => 9.62099 0.985497
802 => 12.7748 0.97872
803 => 11.603 0.973619
804 => 6.27665 0.962575
805 => 8.54961 0.981041
806 => 11.3353 0.955782
808 => 8.25483 0.97198
809 => 4.50689 0.98052
810 => 5.03294 0.961602
811 => 8.71699 0.98208
812 => 8.66819 0.974023
813 => 3.37819 0.988318
814 => 2.58132 0.975803
start read clover id map
200 => 0
201 => 1
202 => 2
203 => 3
204 => 4
205 => 5
206 => 6
207 => 7
208 => 8
209 => 9
210 => 10
211 => 11
300 => 16
308 => 20
309 => 21
310 => 22
311 => 23
400 => 24
401 => 25
402 => 26
403 => 27
408 => 28
409 => 29
410 => 30
411 => 31
start Process
0/90
614
