           1           1           1           1   3354543.6562256380     
           1           1           1           2   1625768.8037294981     
           1           1           1           3   616103.16622394579     
           1           1           1           4   284025.67900194618     
           1           1           1           5   149391.39259556096     
           1           1           1           6   86408.586281877928     
           1           1           1           7   53702.310461101406     
           1           1           1           8   35309.175046788834     
           1           1           2           1   3119153.4276521872     
           1           1           2           2   1511687.6954576718     
           1           1           2           3   572870.87345349335     
           1           1           2           4   264095.45372310514     
           1           1           2           5   138908.53252081809     
           1           1           2           6   80345.266107750955     
           1           1           2           7   49934.008753836584     
           1           1           2           8   32831.530575248165     
           1           1           3           1   2907697.2971726758     
           1           1           3           2   1409206.1689949392     
           1           1           3           3   534034.36884209688     
           1           1           3           4   246191.69982568940     
           1           1           3           5   129491.55089431253     
           1           1           3           6   74898.452636651404     
           1           1           3           7   46548.859924562748     
           1           1           3           8   30605.806989775261     
           1           1           4           1   2717037.1403108779     
           1           1           4           2   1316803.3427700500     
           1           1           4           3   499017.29786161886     
           1           1           4           4   230048.71629235701     
           1           1           4           5   121000.69506328562     
           1           1           4           6   69987.312698710622     
           1           1           4           7   43496.627047993577     
           1           1           4           8   28598.973882549719     
           1           1           5           1   2544532.7870806092     
           1           1           5           2   1233199.6671777188     
           1           1           5           3   467334.76132119232     
           1           1           5           4   215442.96324696569     
           1           1           5           5   113318.38815213898     
           1           1           5           6   65543.839614559707     
           1           1           5           7   40735.044706407374     
           1           1           5           8   26783.242039161451     
           1           1           6           1   2387950.1278480585     
           1           1           6           2   1157312.3883977060     
           1           1           6           3   438576.43790776358     
           1           1           6           4   202185.28140676083     
           1           1           6           5   106345.13667892823     
           1           1           6           6   61510.486159769353     
           1           1           6           7   38228.347908588687     
           1           1           6           8   25135.096218760853     
           2           1           1           1   133001.28138109620     
           2           1           1           2   95796.891218730016     
           2           1           1           3   70895.835089207612     
           2           1           1           4   53702.310461101406     
           2           1           1           5   38247.390360959638     
           2           1           1           6   30253.886290953851     
           2           1           1           7   24293.467546905467     
           2           1           2           1   123668.52485368443     
           2           1           2           2   89074.788243333649     
           2           1           2           3   65921.053690462533     
           2           1           2           4   49934.008753836584     
           2           1           2           5   35563.569558694668     
           2           1           2           6   28130.974486632593     
           2           1           2           7   22588.801980679382     
           2           1           3           1   115284.70608852815     
           2           1           3           2   83036.175954095743     
           2           1           3           3   61452.098107644124     
           2           1           3           4   46548.859924562748     
           2           1           3           5   33152.633328280142     
           2           1           3           6   26223.914905105976     
           2           1           3           7   21057.462008164483     
           2           1           4           1   107725.40513832762     
           2           1           4           2   77591.438560062365     
           2           1           4           3   57422.647122423143     
           2           1           4           4   43496.627047993577     
           2           1           4           5   30978.802602453936     
           2           1           4           6   24504.406291576888     
           2           1           4           7   19676.722266264664     
           2           1           5           1   100885.94485409056     
           2           1           5           2   72665.180378653662     
           2           1           5           3   53776.903264389002     
           2           1           5           4   40735.044706407374     
           2           1           5           5   29011.975662115474     
           2           1           5           6   22948.638166962683     
           2           1           5           7   18427.463390078839     
           2           1           6           1   94677.747491495058     
           2           1           6           2   68193.601617295251     
           2           1           6           3   50467.650731159913     
           2           1           6           4   38228.347908588687     
           2           1           6           5   27226.680427029085     
           2           1           6           6   21536.462092628488     
           2           1           6           7   17293.506557445267     
           3           1           1           1   21146.464026101352     
           3           1           1           2   15303.584539059822     
           3           1           1           3   11404.945957168655     
           3           1           1           4   8715.8391516237934     
           3           1           1           5   6807.6780309589485     
           3           1           1           6   5420.1854890940594     
           3           1           1           7   4389.7047435282302     
           3           1           1           8   3610.1578422102980     
           3           1           1           9   3010.9199916257330     
           3           1           1          10   2543.8352836733407     
           3           1           1          11   2175.3587448170306     
           3           1           1          12   1881.6690110976458     
           3           1           1          13   1645.5535336111607     
           3           1           1          14   1454.3794887510810     
           3           1           1          15   1298.7455290471635     
           3           1           1          16   1171.5696484940804     
           3           1           2           1   19662.625659438505     
           3           1           2           2   14229.744763305252     
           3           1           2           3   10604.676248695954     
           3           1           2           4   8104.2659320585808     
           3           1           2           5   6330.0018393110922     
           3           1           2           6   5039.8706456856798     
           3           1           2           7   4081.6994492565213     
           3           1           2           8   3356.8538425070010     
           3           1           2           9   2799.6648120040745     
           3           1           2          10   2365.3555793351811     
           3           1           2          11   2022.7350469768053     
           3           1           2          12   1749.6534191617118     
           3           1           2          13   1530.1059734767048     
           3           1           2          14   1352.3463525610171     
           3           1           2          15   1207.6329214136229     
           3           1           2          16   1089.3806368812486     
           3           1           3           1   18329.659515952982     
           3           1           3           2   13265.089174413657     
           3           1           3           3   9885.7745263463785     
           3           1           3           4   7554.8743109551833     
           3           1           3           5   5900.8927850064510     
           3           1           3           6   4698.2233743210818     
           3           1           3           7   3805.0093959699639     
           3           1           3           8   3129.3031399267552     
           3           1           3           9   2609.8874772948589     
           3           1           3          10   2205.0211746734303     
           3           1           3          11   1885.6276716298819     
           3           1           3          12   1631.0587772920867     
           3           1           3          13   1426.3947846922842     
           3           1           3          14   1260.6856668958455     
           3           1           3          15   1125.7824214367820     
           3           1           3          16   1015.5464362089979     
           3           1           4           1   17127.784213357201     
           3           1           4           2   12395.302331388968     
           3           1           4           3   9237.5724812031767     
           3           1           4           4   7059.5116110519621     
           3           1           4           5   5513.9832573292970     
           3           1           4           6   4390.1740505750740     
           3           1           4           7   3555.5289633731263     
           3           1           4           8   2924.1293702397493     
           3           1           4           9   2438.7721996225769     
           3           1           4          10   2060.4532276644627     
           3           1           4          11   1762.0024731546539     
           3           1           4          12   1524.1256717139061     
           3           1           4          13   1332.8814233238422     
           3           1           4          14   1178.0377140073183     
           3           1           4          15   1051.9798892818612     
           3           1           4          16   948.97186195333563     
           3           1           5           1   16040.357219247755     
           3           1           5           2   11608.340312135446     
           3           1           5           3   8651.0945991869212     
           3           1           5           4   6611.3187713237148     
           3           1           5           5   5163.9160086641796     
           3           1           5           6   4111.4574495357583     
           3           1           5           7   3329.8039632083855     
           3           1           5           8   2738.4918835320086     
           3           1           5           9   2283.9499538014952     
           3           1           5          10   1929.6503250758121     
           3           1           5          11   1650.1480390231291     
           3           1           5          12   1427.3738280859200     
           3           1           5          13   1248.2714380884213     
           3           1           5          14   1103.2584935423167     
           3           1           5          15   985.20380310906671     
           3           1           5          16   888.73547265834077     
           3           1           6           1   15053.295604777260     
           3           1           6           2   10894.011527351304     
           3           1           6           3   8118.7457747002882     
           3           1           6           4   6204.4916264586045     
           3           1           6           5   4846.1577065227284     
           3           1           6           6   3858.4643070928291     
           3           1           6           7   3124.9114297038655     
           3           1           6           8   2569.9868895934901     
           3           1           6           9   2143.4160381319343     
           3           1           6          10   1810.9188383226071     
           3           1           6          11   1548.6161393095779     
           3           1           6          12   1339.5506058318595     
           3           1           6          13   1171.4694322204398     
           3           1           6          14   1035.3799207443740     
           3           1           6          15   924.58971997733397     
           3           1           6          16   834.05751393967762     
           4           1           1           1   1298.7455290471635     
           4           1           1           2   1171.5696484940804     
           4           1           1           3   1067.4618571625576     
           4           1           1           4   982.28621096359836     
           4           1           1           5   912.85088592612419     
           4           1           1           6   856.68628592013499     
           4           1           1           7   811.88470642803884     
           4           1           1           8   776.98382370574154     
           4           1           1           9   750.88202573634828     
           4           1           1          10   732.77744394789420     
           4           1           2           1   1207.6329214136229     
           4           1           2           2   1089.3806368812486     
           4           1           2           3   992.57774136526200     
           4           1           2           4   913.37852472242821     
           4           1           2           5   848.81514592103440     
           4           1           2           6   796.59131095769544     
           4           1           2           7   754.93318753146877     
           4           1           2           8   722.48106994341765     
           4           1           2           9   698.21065147924730     
           4           1           2          10   681.37633447278108     
           4           1           3           1   1125.7824214367820     
           4           1           3           2   1015.5464362089979     
           4           1           3           3   925.30572654556738     
           4           1           3           4   851.47530450953707     
           4           1           3           5   791.28853671828767     
           4           1           3           6   742.60480931292921     
           4           1           3           7   703.77054955973119     
           4           1           3           8   673.51823518169635     
           4           1           3           9   650.89300404007668     
           4           1           3          10   635.19980751186415     
           4           1           4           1   1051.9798892818612     
           4           1           4           2   948.97186195333563     
           4           1           4           3   864.64800367112161     
           4           1           4           4   795.65840655830755     
           4           1           4           5   739.41785591374503     
           4           1           4           6   693.92610666549456     
           4           1           4           7   657.63801791689741     
           4           1           4           8   629.36918440201123     
           4           1           4           9   608.22735854849145     
           4           1           4          10   593.56306917876282     
           4           1           5           1   985.20380310906671     
           4           1           5           2   888.73547265834077     
           4           1           5           3   809.76505611374239     
           4           1           5           4   745.15533905828454     
           4           1           5           5   692.48524893974843     
           4           1           5           6   649.88154207491425     
           4           1           5           7   615.89718334970075     
           4           1           5           8   589.42296919263049     
           4           1           5           9   569.62330374447720     
           4           1           5          10   555.88995288255205     
           4           1           6           1   924.58971997733397     
           4           1           6           2   834.05751393967762     
           4           1           6           3   759.94645482832811     
           4           1           6           4   699.31238990765735     
           4           1           6           5   649.88323824581369     
           4           1           6           6   609.90103511289306     
           4           1           6           7   578.00779582816483     
           4           1           6           8   553.16257724400759     
           4           1           6           9   534.58120614066593     
           4           1           6          10   521.69287918171665     
