           6           8   286.00000000000000        304.00000000000000        20.000000000000000        38.000000000000000                1   38.000000000000000        38.000000000000000        38.000000000000000     
           1   270.00000000000000        15.000000000000000                1   3354543.6562256380        1928.2423515283742     
           1   270.00000000000000        18.000000000000000                1   1625768.8037294981        2123.3735867760270     
           1   270.00000000000000        23.000000000000000                1   616103.16622394579        2111.5268269016633     
           1   270.00000000000000        28.000000000000000                1   284025.67900194618        1938.7196187521729     
           1   270.00000000000000        33.000000000000000                1   149391.39259556096        1721.5718601658027     
           1   270.00000000000000        38.000000000000000                1   86408.586281877928        1499.3199322617879     
           1   270.00000000000000        43.000000000000000                1   53702.310461101406        1296.5767574885738     
           1   270.00000000000000        48.000000000000000                1   35309.175046788834        1108.4846156445324     
           1   280.00000000000000        15.000000000000000                1   3119153.4276521872        2196.5719719249928     
           1   280.00000000000000        18.000000000000000                1   1511687.6954576718        2383.9385203689208     
           1   280.00000000000000        23.000000000000000                1   572870.87345349335        2300.5137286296504     
           1   280.00000000000000        28.000000000000000                1   264095.45372310514        2086.9114968871040     
           1   280.00000000000000        33.000000000000000                1   138908.53252081809        1843.2622491959080     
           1   280.00000000000000        38.000000000000000                1   80345.266107750955        1596.5228242928458     
           1   280.00000000000000        43.000000000000000                1   49934.008753836584        1366.0662615520259     
           1   280.00000000000000        48.000000000000000                1   32831.530575248165        1160.5861275903121     
           1   290.00000000000000        15.000000000000000                1   2907697.2971726758        2518.9368881054652     
           1   290.00000000000000        18.000000000000000                1   1409206.1689949392        2598.5730543338855     
           1   290.00000000000000        23.000000000000000                1   534034.36884209688        2479.3469296060553     
           1   290.00000000000000        28.000000000000000                1   246191.69982568940        2225.8658415597611     
           1   290.00000000000000        33.000000000000000                1   129491.55089431253        1946.2018385281801     
           1   290.00000000000000        38.000000000000000                1   74898.452636651404        1676.9592395996974     
           1   290.00000000000000        43.000000000000000                1   46548.859924562748        1429.5980948708559     
           1   290.00000000000000        48.000000000000000                1   30605.806989775261        1207.3020118249133     
           1   300.00000000000000        15.000000000000000                1   2717037.1403108779        2759.9746912136015     
           1   300.00000000000000        18.000000000000000                1   1316803.3427700500        2828.5693337915191     
           1   300.00000000000000        23.000000000000000                1   499017.29786161886        2655.6163040932602     
           1   300.00000000000000        28.000000000000000                1   230048.71629235701        2359.2580899895797     
           1   300.00000000000000        33.000000000000000                1   121000.69506328562        2048.1043369341105     
           1   300.00000000000000        38.000000000000000                1   69987.312698710622        1753.5375584247952     
           1   300.00000000000000        43.000000000000000                1   43496.627047993577        1486.1418919657806     
           1   300.00000000000000        48.000000000000000                1   28598.973882549719        1246.5623113462395     
           1   310.00000000000000        15.000000000000000                1   2544532.7870806092        3025.7763259415387     
           1   310.00000000000000        18.000000000000000                1   1233199.6671777188        3050.7606762260675     
           1   310.00000000000000        23.000000000000000                1   467334.76132119232        2819.9130878243268     
           1   310.00000000000000        28.000000000000000                1   215442.96324696569        2492.1583135525561     
           1   310.00000000000000        33.000000000000000                1   113318.38815213898        2143.4543380378032     
           1   310.00000000000000        38.000000000000000                1   65543.839614559707        1823.4208135791250     
           1   310.00000000000000        43.000000000000000                1   40735.044706407374        1536.2413219590053     
           1   310.00000000000000        48.000000000000000                1   26783.242039161451        1280.0431319606578     
           1   320.00000000000000        15.000000000000000                1   2387950.1278480585        3311.9634126421452     
           1   320.00000000000000        18.000000000000000                1   1157312.3883977060        3271.1797798197267     
           1   320.00000000000000        23.000000000000000                1   438576.43790776358        2981.1604075395480     
           1   320.00000000000000        28.000000000000000                1   202185.28140676083        2604.3108862779236     
           1   320.00000000000000        33.000000000000000                1   106345.13667892823        2230.7047926228697     
           1   320.00000000000000        38.000000000000000                1   61510.486159769353        1887.9480435623379     
           1   320.00000000000000        43.000000000000000                1   38228.347908588687        1580.1291683690665     
           1   320.00000000000000        48.000000000000000                1   25135.096218760853        1307.0668997538589     
           6           7   286.00000000000000        304.00000000000000        38.000000000000000        49.000000000000000                1   49.000000000000000        49.000000000000000        49.000000000000000     
           2   270.00000000000000        34.000000000000000                1   133001.28138109620        1677.8178506917623     
           2   270.00000000000000        37.000000000000000                1   95796.891218730016        1547.7427868127413     
           2   270.00000000000000        40.000000000000000                1   70895.835089207612        1421.2608231103877     
           2   270.00000000000000        43.000000000000000                1   53702.310461101406        1296.5767574885738     
           2   270.00000000000000        47.000000000000000                1   38247.390360959638        1144.4285837324485     
           2   270.00000000000000        50.000000000000000                1   30253.886290953851        1037.1711464669534     
           2   270.00000000000000        53.000000000000000                1   24293.467546905467        938.27965925766750     
           2   280.00000000000000        34.000000000000000                1   123668.52485368443        1788.4494238135057     
           2   280.00000000000000        37.000000000000000                1   89074.788243333649        1640.6510487738908     
           2   280.00000000000000        40.000000000000000                1   65921.053690462533        1500.0839663104014     
           2   280.00000000000000        43.000000000000000                1   49934.008753836584        1366.0662615520259     
           2   280.00000000000000        47.000000000000000                1   35563.569558694668        1201.0000491391297     
           2   280.00000000000000        50.000000000000000                1   28130.974486632593        1084.8978621318286     
           2   280.00000000000000        53.000000000000000                1   22588.801980679382        974.72919253090265     
           2   290.00000000000000        34.000000000000000                1   115284.70608852815        1890.4327788098292     
           2   290.00000000000000        37.000000000000000                1   83036.175954095743        1729.3697847437620     
           2   290.00000000000000        40.000000000000000                1   61452.098107644124        1574.7784107417958     
           2   290.00000000000000        43.000000000000000                1   46548.859924562748        1429.5980948708559     
           2   290.00000000000000        47.000000000000000                1   33152.633328280142        1249.6723276302978     
           2   290.00000000000000        50.000000000000000                1   26223.914905105976        1124.7956363930227     
           2   290.00000000000000        53.000000000000000                1   21057.462008164483        1008.5506679653377     
           2   300.00000000000000        34.000000000000000                1   107725.40513832762        1991.3609230593629     
           2   300.00000000000000        37.000000000000000                1   77591.438560062365        1810.5779721370361     
           2   300.00000000000000        40.000000000000000                1   57422.647122423143        1642.7255532348620     
           2   300.00000000000000        43.000000000000000                1   43496.627047993577        1486.1418919657806     
           2   300.00000000000000        47.000000000000000                1   30978.802602453936        1292.1246722967389     
           2   300.00000000000000        50.000000000000000                1   24504.406291576888        1158.6992320874733     
           2   300.00000000000000        53.000000000000000                1   19676.722266264664        1034.1590108714288     
           2   310.00000000000000        34.000000000000000                1   100885.94485409056        2077.1778898558277     
           2   310.00000000000000        37.000000000000000                1   72665.180378653662        1884.8299029218272     
           2   310.00000000000000        40.000000000000000                1   53776.903264389002        1705.1883711350979     
           2   310.00000000000000        43.000000000000000                1   40735.044706407374        1536.2413219590053     
           2   310.00000000000000        47.000000000000000                1   29011.975662115474        1328.7292047242490     
           2   310.00000000000000        50.000000000000000                1   22948.638166962683        1186.5700403998749     
           2   310.00000000000000        53.000000000000000                1   18427.463390078839        1053.6196980427228     
           2   320.00000000000000        34.000000000000000                1   94677.747491495058        2159.2552876593718     
           2   320.00000000000000        37.000000000000000                1   68193.601617295251        1953.3079094675156     
           2   320.00000000000000        40.000000000000000                1   50467.650731159913        1760.2533071572043     
           2   320.00000000000000        43.000000000000000                1   38228.347908588687        1580.1291683690665     
           2   320.00000000000000        47.000000000000000                1   27226.680427029085        1359.3372284358861     
           2   320.00000000000000        50.000000000000000                1   21536.462092628488        1207.6372467059584     
           2   320.00000000000000        53.000000000000000                1   17293.506557445267        1067.0457487562157     
           6          16   286.00000000000000        304.00000000000000        62.000000000000000        121.00000000000000                1   121.00000000000000        121.00000000000000        121.00000000000000     
           3   270.00000000000000        55.000000000000000                1   21146.464026101352        877.33255848368333     
           3   270.00000000000000        60.000000000000000                1   15303.584539059822        735.21439584954874     
           3   270.00000000000000        65.000000000000000                1   11404.945957168655        610.67848019410064     
           3   270.00000000000000        70.000000000000000                1   8715.8391516237934        503.49602590255012     
           3   270.00000000000000        75.000000000000000                1   6807.6780309589485        412.14664639814441     
           3   270.00000000000000        80.000000000000000                1   5420.1854890940594        335.40415507284291     
           3   270.00000000000000        85.000000000000000                1   4389.7047435282302        271.78204667460312     
           3   270.00000000000000        90.000000000000000                1   3610.1578422102980        219.67880103264929     
           3   270.00000000000000        95.000000000000000                1   3010.9199916257330        177.47565966130529     
           3   270.00000000000000        100.00000000000000                1   2543.8352836733407        143.59070297130319     
           3   270.00000000000000        105.00000000000000                1   2175.3587448170306        116.57602428024755     
           3   270.00000000000000        110.00000000000000                1   1881.6690110976458        95.148675490319178     
           3   270.00000000000000        115.00000000000000                1   1645.5535336111607        78.207237672134497     
           3   270.00000000000000        120.00000000000000                1   1454.3794887510810        64.843542976281711     
           3   270.00000000000000        125.00000000000000                1   1298.7455290471635        54.304933076405391     
           3   270.00000000000000        130.00000000000000                1   1171.5696484940804        45.998754862983390     
           3   280.00000000000000        55.000000000000000                1   19662.625659438505        910.36228369364972     
           3   280.00000000000000        60.000000000000000                1   14229.744763305252        757.02531677280933     
           3   280.00000000000000        65.000000000000000                1   10604.676248695954        623.56099053224943     
           3   280.00000000000000        70.000000000000000                1   8104.2659320585808        509.15942319495696     
           3   280.00000000000000        75.000000000000000                1   6330.0018393110922        412.43287959203070     
           3   280.00000000000000        80.000000000000000                1   5039.8706456856798        331.87335092411877     
           3   280.00000000000000        85.000000000000000                1   4081.6994492565213        265.74087844728456     
           3   280.00000000000000        90.000000000000000                1   3356.8538425070010        212.14476539127085     
           3   280.00000000000000        95.000000000000000                1   2799.6648120040745        169.20176053232325     
           3   280.00000000000000        100.00000000000000                1   2365.3555793351811        135.12065246483516     
           3   280.00000000000000        105.00000000000000                1   2022.7350469768053        108.26451885004931     
           3   280.00000000000000        110.00000000000000                1   1749.6534191617118        87.210339775154722     
           3   280.00000000000000        115.00000000000000                1   1530.1059734767048        70.752808881407361     
           3   280.00000000000000        120.00000000000000                1   1352.3463525610171        57.909336441555176     
           3   280.00000000000000        125.00000000000000                1   1207.6329214136229        47.885481270609574     
           3   280.00000000000000        130.00000000000000                1   1089.3806368812486        40.058496674299988     
           3   290.00000000000000        55.000000000000000                1   18329.659515952982        937.27663012410960     
           3   290.00000000000000        60.000000000000000                1   13265.089174413657        772.74081688422450     
           3   290.00000000000000        65.000000000000000                1   9885.7745263463785        630.65686337797479     
           3   290.00000000000000        70.000000000000000                1   7554.8743109551833        509.59370496867660     
           3   290.00000000000000        75.000000000000000                1   5900.8927850064510        408.08501636150606     
           3   290.00000000000000        80.000000000000000                1   4698.2233743210818        324.34795966229200     
           3   290.00000000000000        85.000000000000000                1   3805.0093959699639        256.32660037197178     
           3   290.00000000000000        90.000000000000000                1   3129.3031399267552        201.82877259364065     
           3   290.00000000000000        95.000000000000000                1   2609.8874772948589        158.69766400907903     
           3   290.00000000000000        100.00000000000000                1   2205.0211746734303        124.89537487856069     
           3   290.00000000000000        105.00000000000000                1   1885.6276716298819        98.595314980513706     
           3   290.00000000000000        110.00000000000000                1   1631.0587772920867        78.236338387348127     
           3   290.00000000000000        115.00000000000000                1   1426.3947846922842        62.518552716496259     
           3   290.00000000000000        120.00000000000000                1   1260.6856668958455        50.397601127576358     
           3   290.00000000000000        125.00000000000000                1   1125.7824214367820        41.041365162481462     
           3   290.00000000000000        130.00000000000000                1   1015.5464362089979        33.811015742424132     
           3   300.00000000000000        55.000000000000000                1   17127.784213357201        957.85912526078391     
           3   300.00000000000000        60.000000000000000                1   12395.302331388968        782.68406504352038     
           3   300.00000000000000        65.000000000000000                1   9237.5724812031767        632.26429984556796     
           3   300.00000000000000        70.000000000000000                1   7059.5116110519621        505.11571759983832     
           3   300.00000000000000        75.000000000000000                1   5513.9832573292970        399.49480816646883     
           3   300.00000000000000        80.000000000000000                1   4390.1740505750740        313.27797483866846     
           3   300.00000000000000        85.000000000000000                1   3555.5289633731263        244.04922449366717     
           3   300.00000000000000        90.000000000000000                1   2924.1293702397493        189.29020115076312     
           3   300.00000000000000        95.000000000000000                1   2438.7721996225769        146.52246572831541     
           3   300.00000000000000        100.00000000000000                1   2060.4532276644627        113.46435903677214     
           3   300.00000000000000        105.00000000000000                1   1762.0024731546539        88.103380556978067     
           3   300.00000000000000        110.00000000000000                1   1524.1256717139061        68.738660922108537     
           3   300.00000000000000        115.00000000000000                1   1332.8814233238422        53.990537343870109     
           3   300.00000000000000        120.00000000000000                1   1178.0377140073183        42.759912546318191     
           3   300.00000000000000        125.00000000000000                1   1051.9798892818612        34.194669338887365     
           3   300.00000000000000        130.00000000000000                1   948.97186195333563        27.645736275802513     
           3   310.00000000000000        55.000000000000000                1   16040.357219247755        972.68041806775307     
           3   310.00000000000000        60.000000000000000                1   11608.340312135446        786.85817715157759     
           3   310.00000000000000        65.000000000000000                1   8651.0945991869212        628.65927750196317     
           3   310.00000000000000        70.000000000000000                1   6611.3187713237148        496.13219402392809     
           3   310.00000000000000        75.000000000000000                1   5163.9160086641796        387.15541112875110     
           3   310.00000000000000        80.000000000000000                1   4111.4574495357583        299.21385737899647     
           3   310.00000000000000        85.000000000000000                1   3329.8039632083855        229.50755242191067     
           3   310.00000000000000        90.000000000000000                1   2738.4918835320086        175.13101738987149     
           3   310.00000000000000        95.000000000000000                1   2283.9499538014952        133.28284212302529     
           3   310.00000000000000        100.00000000000000                1   1929.6503250758121        101.41928572787896     
           3   310.00000000000000        105.00000000000000                1   1650.1480390231291        77.345392487360598     
           3   310.00000000000000        110.00000000000000                1   1427.3738280859200        59.241607664433126     
           3   310.00000000000000        115.00000000000000                1   1248.2714380884213        45.650126931213521     
           3   310.00000000000000        120.00000000000000                1   1103.2584935423167        35.440686994475470     
           3   310.00000000000000        125.00000000000000                1   985.20380310906671        27.753716221181488     
           3   310.00000000000000        130.00000000000000                1   888.73547265834077        21.937758992572103     
           3   320.00000000000000        55.000000000000000                1   15053.295604777260        981.07931704804651     
           3   320.00000000000000        60.000000000000000                1   10894.011527351304        785.44539432349393     
           3   320.00000000000000        65.000000000000000                1   8118.7457747002882        620.24927037892587     
           3   320.00000000000000        70.000000000000000                1   6204.4916264586045        483.12048980987066     
           3   320.00000000000000        75.000000000000000                1   4846.1577065227284        371.60948041762981     
           3   320.00000000000000        80.000000000000000                1   3858.4643070928291        282.76775605040007     
           3   320.00000000000000        85.000000000000000                1   3124.9114297038655        213.34653366522667     
           3   320.00000000000000        90.000000000000000                1   2569.9868895934901        160.00106296055628     
           3   320.00000000000000        95.000000000000000                1   2143.4160381319343        119.60198744819769     
           3   320.00000000000000        100.00000000000000                1   1810.9188383226071        89.346297879818309     
           3   320.00000000000000        105.00000000000000                1   1548.6161393095779        66.867819868425826     
           3   320.00000000000000        110.00000000000000                1   1339.5506058318595        50.237986258703295     
           3   320.00000000000000        115.00000000000000                1   1171.4694322204398        37.947583428491143     
           3   320.00000000000000        120.00000000000000                1   1035.3799207443740        28.845580125205338     
           3   320.00000000000000        125.00000000000000                1   924.58971997733397        22.076231379160728     
           3   320.00000000000000        130.00000000000000                1   834.05751393967762        17.011022381534946     
           6          10   286.00000000000000        304.00000000000000        131.00000000000000        160.00000000000000                1   160.00000000000000        160.00000000000000        160.00000000000000     
           4   270.00000000000000        125.00000000000000                1   1298.7455290471635        54.304933076405391     
           4   270.00000000000000        130.00000000000000                1   1171.5696484940804        45.998754862983390     
           4   270.00000000000000        135.00000000000000                1   1067.4618571625576        39.446748687073274     
           4   270.00000000000000        140.00000000000000                1   982.28621096359836        34.283939237419482     
           4   270.00000000000000        145.00000000000000                1   912.85088592612419        30.225209634270261     
           4   270.00000000000000        150.00000000000000                1   856.68628592013499        27.051268857286029     
           4   270.00000000000000        155.00000000000000                1   811.88470642803884        24.595366600669681     
           4   270.00000000000000        160.00000000000000                1   776.98382370574154        22.731934306208505     
           4   270.00000000000000        165.00000000000000                1   750.88202573634828        21.368208604218914     
           4   270.00000000000000        170.00000000000000                1   732.77744394789420        20.437897790263452     
           4   280.00000000000000        125.00000000000000                1   1207.6329214136229        47.885481270609574     
           4   280.00000000000000        130.00000000000000                1   1089.3806368812486        40.058496674299988     
           4   280.00000000000000        135.00000000000000                1   992.57774136526200        33.941898862464690     
           4   280.00000000000000        140.00000000000000                1   913.37852472242821        29.159707318300448     
           4   280.00000000000000        145.00000000000000                1   848.81514592103440        25.426689719430335     
           4   280.00000000000000        150.00000000000000                1   796.59131095769544        22.525420904177757     
           4   280.00000000000000        155.00000000000000                1   754.93318753146877        20.292276854673435     
           4   280.00000000000000        160.00000000000000                1   722.48106994341765        18.605237171280500     
           4   280.00000000000000        165.00000000000000                1   698.21065147924730        17.374881786598692     
           4   280.00000000000000        170.00000000000000                1   681.37633447278108        16.537998914846327     
           4   290.00000000000000        125.00000000000000                1   1125.7824214367820        41.041365162481462     
           4   290.00000000000000        130.00000000000000                1   1015.5464362089979        33.811015742424132     
           4   290.00000000000000        135.00000000000000                1   925.30572654556738        28.212651759812019     
           4   290.00000000000000        140.00000000000000                1   851.47530450953707        23.872642800101133     
           4   290.00000000000000        145.00000000000000                1   791.28853671828767        20.509933545498047     
           4   290.00000000000000        150.00000000000000                1   742.60480931292921        17.912319893289208     
           4   290.00000000000000        155.00000000000000                1   703.77054955973119        15.922664133722243     
           4   290.00000000000000        160.00000000000000                1   673.51823518169635        14.426742378354437     
           4   290.00000000000000        165.00000000000000                1   650.89300404007668        13.339511270272480     
           4   290.00000000000000        170.00000000000000                1   635.19980751186415        12.602536414800831     
           4   300.00000000000000        125.00000000000000                1   1051.9798892818612        34.194669338887365     
           4   300.00000000000000        130.00000000000000                1   948.97186195333563        27.645736275802513     
           4   300.00000000000000        135.00000000000000                1   864.64800367112161        22.623559736293554     
           4   300.00000000000000        140.00000000000000                1   795.65840655830755        18.762864167993612     
           4   300.00000000000000        145.00000000000000                1   739.41785591374503        15.792383638129463     
           4   300.00000000000000        150.00000000000000                1   693.92610666549456        13.512046229134416     
           4   300.00000000000000        155.00000000000000                1   657.63801791689741        11.774743797431658     
           4   300.00000000000000        160.00000000000000                1   629.36918440201123        10.473149724984927     
           4   300.00000000000000        165.00000000000000                1   608.22735854849145        9.5304123802477765     
           4   300.00000000000000        170.00000000000000                1   593.56306917876282        8.8917440766301841     
           4   310.00000000000000        125.00000000000000                1   985.20380310906671        27.753716221181488     
           4   310.00000000000000        130.00000000000000                1   888.73547265834077        21.937758992572103     
           4   310.00000000000000        135.00000000000000                1   809.76505611374239        17.519564905983245     
           4   310.00000000000000        140.00000000000000                1   745.15533905828454        14.150387753470961     
           4   310.00000000000000        145.00000000000000                1   692.48524893974843        11.574398772710545     
           4   310.00000000000000        150.00000000000000                1   649.88154207491425        9.6067709431234576     
           4   310.00000000000000        155.00000000000000                1   615.89718334970075        8.1134228293307764     
           4   310.00000000000000        160.00000000000000                1   589.42296919263049        6.9979181517409712     
           4   310.00000000000000        165.00000000000000                1   569.62330374447720        6.1911583884597352     
           4   310.00000000000000        170.00000000000000                1   555.88995288255205        5.6455857577736150     
           4   320.00000000000000        125.00000000000000                1   924.58971997733397        22.076231379160728     
           4   320.00000000000000        130.00000000000000                1   834.05751393967762        17.011022381534946     
           4   320.00000000000000        135.00000000000000                1   759.94645482832811        13.195708294287831     
           4   320.00000000000000        140.00000000000000                1   699.31238990765735        10.304185846677736     
           4   320.00000000000000        145.00000000000000                1   649.88323824581369        8.1033733169126734     
           4   320.00000000000000        150.00000000000000                1   609.90103511289306        6.4270058616239396     
           4   320.00000000000000        155.00000000000000                1   578.00779582816483        5.1566276692493931     
           4   320.00000000000000        160.00000000000000                1   553.16257724400759        4.2081031072602588     
           4   320.00000000000000        165.00000000000000                1   534.58120614066593        3.5222214082931891     
           4   320.00000000000000        170.00000000000000                1   521.69287918171665        3.0582787096757023     
