7 0 6.51727 0.974135
7 1 10.7311 0.989197
7 2 10.7409 0.997593
7 3 13.1363 0.954801
7 4 0 1
7 5 8.81383 1.00299
7 6 9.84452 0.998569
7 7 13.1828 0.966289
7 8 10.7661 0.970957
7 9 8.51145 0.97006
7 10 1.10161 0.988358
7 11 7.22541 0.670239
7 12 9.63353 1.02474
7 13 11.4613 0.987754
7 14 7.18772 0.981623
7 15 0 0
8 0 0 0
8 1 9.62099 0.985497
8 2 12.7748 0.97872
8 3 11.603 0.973619
8 4 6.27665 0.962575
8 5 8.54961 0.981041
8 6 11.3353 0.955782
6 14 6.75084 0.977329
8 8 8.25483 0.97198
8 9 4.50689 0.98052
8 10 5.03294 0.961602
8 11 8.71699 0.98208
8 12 8.66819 0.974023
8 13 3.37819 0.988318
8 14 2.58132 0.975803
6 15 6.83475 0.979752
5 0 5.05302 1.26701
5 1 5.13748 0.976309
5 2 7.91734 0.991191
5 3 6.78065 0.960769
5 4 2.88308 0.970002
5 5 2.06498 0.994391
5 6 4.15788 1.00056
5 7 3.37868 0.980081
5 8 0 1.
5 9 -4.65512 0.992329
5 10 2.34978 1.00073
5 11 0.447505 0.99997
5 12 8.05838 0.974891
5 13 7.29881 1.0076
5 14 5.4706 0.978333
5 15 3.03066 0.984537
6 0 2.34469 1.02079
6 1 4.71055 1.0029
6 2 1.03574 0.965922
6 3 1.71219 0.981871
6 4 5.21454 1.01914
6 5 4.01825 1.00066
6 6 4.09422 1.00302
6 7 3.8658 0.974921
